id,generated_answer,correct_answer
1307,"Δ. ""Όλα τα παραπάνω""",Β
