id,generated_answer,correct_answer
542,"Η σωστή απάντηση είναι η επιλογή Β: ""Η πάλη σούμο είναι το πιο δημοφιλές άθλημα στην Ιαπωνία."".",Γ
