id,generated_answer,correct_answer
1450,"Γ
",Δ
