id,generated_answer,correct_answer
1144,"Β. ""Λάθος""",Β
