id,generated_answer,correct_answer
588,"Δ. ""Τίποτα.""",Β
