id,generated_answer,correct_answer
230,"Γ. ""μυϊκών και ελαστικών στοιχείων""",Γ
